#N    (0,0)    (1,1)    (2,2)    (3,2)    (4,3)    (5,4)    (6,4)    (7,5)    (8,5)
#- -------- -------- -------- -------- -------- -------- -------- -------- --------
 5       34       39       47       34       39       49       35       45       34
 6       88      103      125       90      103      127       97      123       88
 7      230      262      321      232      265      337      241      309      230
 8      602      696      849      619      706      869      655      833      602
 9     1575     1791     2213     1603     1832     2297     1667     2143     1575
10     4129     4733     5821     4243     4841     5984     4455     5688     4129
11    10825    12346    15241    11084    12659    15762    11543    14800    10825
12    28421    32484    40099    29191    33294    41312    30542    39052    28421
13    74606    85213   105177    76530    87381   108557    79822   102229    74606
14   196136   224101   276757   201322   229663   285316   210315   269254   196136
15   515177   588610   726529   528533   603071   749006   551734   706690   515177
