#N    (0,0)    (1,1)    (2,1)    (3,1)    (4,1)    (5,1)
#- -------- -------- -------- -------- -------- --------
 5       34       55       50       48       41       34
 6       89      143      137      122      112       89
 7      234      375      342      323      286      234
 8      611      972      921      842      771      611
 9     1620     2559     2358     2226     1991     1620
10     4220     6658     6290     5815     5323     4220
11    11194    17572    16278    15373    13805    11194
12    29169    45892    43305    40179    36734    29169
13    77251   121232   112590   106244    95530    77251
14   201686   317174   299011   277722   253541   201686
15   533608   837910   779185   734434   661051   533608
