#N    (0,0)    (1,1)    (2,1)    (3,1)    (4,1)    (5,2)    (6,2)    (7,2)    (8,2)    (9,2)
#- -------- -------- -------- -------- -------- -------- -------- -------- -------- --------
 5       34       54       49       42       34       55       50       48       41       34
 6       89      142      128      113       90      143      137      122      112       89
 7      233      362      330      295      235      375      342      323      286      233
 8      610      956      875      781      624      977      921      842      769      610
 9     1601     2479     2276     2047     1634     2564     2363     2223     1989     1601
10     4198     6534     6012     5399     4311     6720     6291     5817     5280     4198
11    11031    17091    15724    14148    11309    17634    16356    15303    13761    11031
12    28953    45032    41475    37285    29739    46365    43275    40202    36339    28953
13    76114   118128   108720    97755    78100   121654   113208   105560    95140    76114
14   200103   311204   286486   257453   205373   320289   298455   277868   250774   200103
15   526031   816833   751946   676021   539533   840140   783056   729524   658483   526031
