#N   (0,-1)    (1,0)    (2,1)    (3,2)    (4,2)
#- -------- -------- -------- -------- --------
 5       47       41       38       34       47
 6      125      105       96       88      125
 7      321      274      253      230      321
 8      849      719      667      605      849
 9     2203     1856     1727     1578     2203
10     5815     4926     4600     4172     5815
11    15195    12726    11888    10874    15195
12    40025    33854    31673    28750    40025
13   104901    87836    82078    75036   104901
14   276079   233202   218185   198286   276079
15   724867   607537   567722   518439   724867
