#N    (0,0)    (1,1)    (2,1)    (3,1)    (4,1)    (5,1)    (6,1)    (7,1)    (8,1)    (9,1)   (10,1)
#- -------- -------- -------- -------- -------- -------- -------- -------- -------- -------- --------
 5       34       55       51       50       49       49       49       48       47       41       34
 6       89      144      139      133      132      131      130      129      120      111       89
 7      233      377      357      350      341      339      337      324      312      284      233
 8      610      992      957      924      913      899      880      863      817      756      610
 9     1602     2600     2485     2434     2377     2339     2300     2219     2136     1959     1602
10     4202     6843     6605     6413     6306     6184     6027     5879     5603     5187     4202
11    11045    17958    17242    16859    16485    16136    15785    15283    14700    13531    11045
12    29005    47268    45616    44401    43486    42567    41505    40393    38627    35736    29005
13    76275   124121   119428   116536   113969   111446   108900   105656   101469    93568    76275
14   200513   326776   315010   306884   300168   293779   286735   278834   267085   246816   200513
15   527410   858004   826199   805247   787766   770644   753131   731633   702042   647897   527410
