#N    (0,0)    (1,1)    (2,1)    (3,2)    (4,2)    (5,2)
#- -------- -------- -------- -------- -------- --------
 5       34       47       36       53       43       34
 6       89      124       96      136      117       89
 7      232      324      249      354      301      232
 8      609      854      654      935      794      609
 9     1595     2226     1704     2417     2074     1595
10     4210     5866     4490     6401     5452     4210
11    10992    15348    11713    16638    14337    10992
12    29068    40401    30891    44080    37552    29068
13    75915   105913    80803   114858    99042    75915
14   200634   278835   213077   304158   259384   200634
15   524803   731822   558408   794394   684203   524803
