#N    (0,0)    (1,1)    (2,1)    (3,1)    (4,2)    (5,2)    (6,2)    (7,3)    (8,3)    (9,3)   (10,3)
#- -------- -------- -------- -------- -------- -------- -------- -------- -------- -------- --------
 5       34       53       43       35       53       43       35       54       49       42       34
 6       89      133      119       90      133      119       91      142      128      113       89
 7      233      350      300      242      354      302      243      366      330      293      233
 8      609      912      810      619      919      816      633      965      876      777      609
 9     1598     2396     2068     1651     2437     2104     1672     2518     2279     2017     1598
10     4190     6258     5518     4268     6357     5608     4371     6630     6009     5327     4190
11    11001    16462    14287    11313    16786    14586    11528    17343    15721    13922    11001
12    28871    43123    37890    29494    43960    38646    30206    45680    41403    36703    28871
13    75886   113414    98817    77880   115735   100938    79576   119731   108531    96155    75886
14   199351   297923   261171   204047   303954   266594   208849   315306   285810   253367   199351
15   524199   783320   684084   537505   799196   698544   549575   827480   750243   664766   524199
