#N    (0,0)    (1,1)    (2,2)    (3,2)    (4,3)    (5,3)
#- -------- -------- -------- -------- -------- --------
 5       34       39       49       35       45       34
 6       88      103      127       97      123       88
 7      230      265      337      241      309      230
 8      602      699      869      655      833      602
 9     1582     1825     2297     1667     2143     1582
10     4136     4773     5961     4455     5707     4136
11    10923    12577    15739    11520    14819    10923
12    28533    32815    41051    30556    39327    28533
13    75402    86700   108349    79522   102443    75402
14   197099   226530   283305   210587   271423   197099
15   520720   598272   747984   549409   708154   520720
