#N   (0,-1)    (1,0)    (2,1)    (3,2)    (4,3)    (5,4)    (6,4)
#- -------- -------- -------- -------- -------- -------- --------
 5       47       41       40       40       38       34       47
 6      125      105       98       96       94       88      125
 7      321      279      270      263      251      230      321
 8      849      724      688      664      643      600      849
 9     2203     1910     1834     1771     1699     1573     2203
10     5815     4990     4765     4597     4423     4113     5815
11    15167    13094    12541    12109    11643    10805    15167
12    39997    34386    32902    31781    30567    28345    39997
13   104631    89950    86136    83307    80232    74467   104631
14   275781   237068   227141   219805   211602   195895   275781
15   723043   619507   593281   574750   554300   514331   723043
