#N   (0,-1)    (1,0)    (2,1)    (3,2)    (4,3)    (5,4)    (6,5)    (7,5)
#- -------- -------- -------- -------- -------- -------- -------- --------
 5       47       41       40       40       40       38       34       47
 6      125      105       98       96       96       94       88      125
 7      321      279      270      268      263      251      230      321
 8      849      724      688      669      659      643      600      849
 9     2203     1910     1848     1811     1766     1699     1573     2203
10     5815     4990     4779     4647     4538     4409     4113     5815
11    15167    13136    12681    12365    12040    11629    10805    15167
12    39997    34428    33070    32173    31348    30371    28303    39997
13   104631    90454    87160    84907    82710    80008    74425   104631
14   275781   237656   228595   222581   216894   209944   195349   275781
15   722779   623375   600179   584851   570265   552128   513701   722779
