#N    (0,0)    (1,1)    (2,1)    (3,2)    (4,2)    (5,3)    (6,3)    (7,3)
#- -------- -------- -------- -------- -------- -------- -------- --------
 5       34       47       35       47       36       53       43       34
 6       89      122       95      127       96      136      117       89
 7      232      322      239      327      252      354      301      232
 8      606      831      641      876      657      935      794      606
 9     1592     2197     1645     2251     1735     2429     2067     1592
10     4164     5723     4393     6003     4524     6401     5457     4164
11    10949    15124    11354    15541    11925    16760    14233    10949
12    28709    39516    30212    41242    31150    44000    37592    28709
13    75626   104386    78550   107322    82130   115635    98251    75626
14   198289   273309   208238   284101   214791   303352   259628   198289
15   523060   721435   543650   741607   566518   798841   679103   523060
