#N   (0,-1)    (1,0)    (2,1)    (3,1)    (4,2)    (5,2)    (6,3)    (7,3)
#- -------- -------- -------- -------- -------- -------- -------- --------
 5       49       39       34       45       35       47       35       49
 6      127      103       88      123       95      125       97      127
 7      337      265      230      309      239      325      244      337
 8      876      699      602      826      638      853      658      876
 9     2304     1825     1575     2136     1646     2227     1701     2304
10     6047     4785     4129     5639     4348     5847     4495     6047
11    15839    12559    10832    14737    11359    15317    11751    15839
12    41658    32974    28458    38832    29898    40279    30887    41658
13   109085    86501    74692   101831    78394   105615    81004   109085
14   287173   227719   196666   268173   206355   277971   212898   287173
15   752600   596808   516092   704538   541760   729595   558859   752600
