#N   (0,-1)    (1,0)    (2,0)    (3,0)    (4,0)    (5,1)    (6,1)    (7,1)    (8,1)    (9,1)
#- -------- -------- -------- -------- -------- -------- -------- -------- -------- --------
 5       55       34       42       49       54       34       41       48       50       55
 6      143       90      113      128      142       89      112      122      137      143
 7      375      235      295      330      362      233      286      323      342      375
 8      977      624      781      875      956      610      769      842      921      977
 9     2564     1634     2047     2276     2479     1601     1989     2223     2363     2564
10     6720     4311     5399     6012     6534     4198     5280     5817     6291     6720
11    17634    11309    14148    15724    17091    11031    13761    15303    16356    17634
12    46365    29739    37285    41475    45032    28953    36339    40202    43275    46365
13   121654    78100    97755   108720   118128    76114    95140   105560   113208   121654
14   320289   205373   257453   286486   311204   200103   250774   277868   298455   320289
15   840140   539533   676021   751946   816833   526031   658483   729524   783056   840140
