#N   (0,-1)    (1,0)    (2,0)    (3,0)    (4,1)    (5,1)    (6,1)    (7,1)
#- -------- -------- -------- -------- -------- -------- -------- --------
 5       54       35       43       53       34       42       49       54
 6      142       91      119      133       89      113      128      142
 7      366      243      302      350      233      293      330      366
 8      965      633      812      915      609      777      876      965
 9     2518     1668     2100     2399     1598     2017     2279     2518
10     6630     4367     5556     6315     4194     5327     6009     6630
11    17321    11458    14530    16528    11005    13931    15721    17321
12    45658    30132    38233    43618    28967    36712    41396    45658
13   119386    78936   100427   114080    75994    96366   108524   119386
14   314939   208093   263733   301401   200393   253605   285779   314939
15   824654   544903   694472   788581   525521   666923   750235   824654
