#N   (0,-1)    (1,0)    (2,1)    (3,1)    (4,2)    (5,2)
#- -------- -------- -------- -------- -------- --------
 5       49       39       34       45       35       49
 6      127      103       88      123       97      127
 7      337      265      230      309      241      337
 8      869      699      602      833      655      869
 9     2297     1825     1582     2143     1667     2297
10     5961     4773     4136     5707     4455     5961
11    15739    12577    10923    14819    11520    15739
12    41051    32815    28533    39327    30556    41051
13   108349    86700    75402   102443    79522   108349
14   283305   226530   197099   271423   210587   283305
15   747984   598272   520720   708154   549409   747984
