#N    (0,0)    (1,1)    (2,2)    (3,3)    (4,3)    (5,4)    (6,5)    (7,5)    (8,6)    (9,7)   (10,7)
#- -------- -------- -------- -------- -------- -------- -------- -------- -------- -------- --------
 5       34       38       41       47       34       39       47       34       39       47       34
 6       88       96      105      125       90      103      125       90      103      125       88
 7      230      253      274      326      232      262      321      232      262      316      230
 8      600      667      719      854      624      703      849      619      703      844      600
 9     1573     1727     1865     2253     1601     1798     2213     1596     1789     2163     1573
10     4118     4581     4935     5875     4290     4820     5825     4236     4792     5765     4118
11    10810    11892    12844    15510    11073    12447    15245    10986    12310    14930    10810
12    28354    31469    33924    40552    29498    33153    40085    29079    32790    39558    28354
13    74476    82173    88693   106941    76697    86221   105171    75777    85033   103131    74476
14   195634   216757   233678   280367   203262   228376   276442   200204   225307   272286   195634
15   514045   568215   613073   738401   531201   597061   726296   523688   588140   712894   514045
