#N   (0,-1)    (1,0)    (2,0)    (3,0)    (4,0)
#- -------- -------- -------- -------- --------
 5       54       34       42       49       54
 6      142       90      113      128      142
 7      362      234      295      330      362
 8      961      623      779      875      961
 9     2484     1615     2045     2278     2484
10     6592     4289     5361     6014     6592
11    17154    11151    14104    15731    17154
12    45393    29518    36992    41478    45393
13   118627    77096    97329   108671   118627
14   313062   203589   255704   286373   313062
15   820518   533564   672641   751356   820518
