#N    (0,0)    (1,1)    (2,2)    (3,2)    (4,3)    (5,3)    (6,4)    (7,4)    (8,5)    (9,5)
#- -------- -------- -------- -------- -------- -------- -------- -------- -------- --------
 5       34       39       49       35       47       35       47       35       45       34
 6       88      103      127       97      125       95      125       95      123       88
 7      230      265      337      244      325      242      325      239      309      230
 8      602      699      876      658      860      641      846      638      826      602
 9     1575     1825     2304     1701     2234     1680     2220     1639     2136     1575
10     4129     4785     6047     4507     5933     4388     5779     4341     5639     4129
11    10832    12559    15869    11763    15417    11590    15235    11268    14707    10832
12    28428    32974    41688    31076    40886    30229    39784    29793    38802    28428
13    74662    86556   109585    81217   106464    79876   104918    77654   101419    74662
14   196141   227631   287733   214559   281952   208779   274636   205367   267701   196141
15   515650   597776   757148   561010   735918   551150   724368   536517   700840   515650
