#N   (0,-1)    (1,0)    (2,0)    (3,1)    (4,1)    (5,2)    (6,2)    (7,2)
#- -------- -------- -------- -------- -------- -------- -------- --------
 5       53       36       47       35       47       34       43       53
 6      136       96      127       95      122       89      117      136
 7      354      252      327      239      322      232      301      354
 8      935      657      876      641      831      606      794      935
 9     2429     1735     2251     1645     2197     1592     2067     2429
10     6401     4524     6003     4393     5723     4164     5457     6401
11    16760    11925    15541    11354    15124    10949    14233    16760
12    44000    31150    41242    30212    39516    28709    37592    44000
13   115635    82130   107322    78550   104386    75626    98251   115635
14   303352   214791   284101   208238   273309   198289   259628   303352
15   798841   566518   741607   543650   721435   523060   679103   798841
