#N   (0,-1)    (1,0)    (2,1)    (3,2)    (4,2)    (5,3)    (6,4)    (7,4)    (8,5)    (9,6)   (10,6)
#- -------- -------- -------- -------- -------- -------- -------- -------- -------- -------- --------
 5       47       41       38       34       47       39       34       47       39       34       47
 6      125      105       96       88      125      103       90      125      103       90      125
 7      326      274      253      230      316      262      232      321      262      232      326
 8      854      719      667      600      844      703      619      849      703      624      854
 9     2253     1865     1727     1573     2163     1789     1596     2213     1798     1601     2253
10     5875     4935     4581     4118     5765     4792     4236     5825     4820     4290     5875
11    15510    12844    11892    10810    14930    12310    10986    15245    12447    11073    15510
12    40552    33924    31469    28354    39558    32790    29079    40085    33153    29498    40552
13   106941    88693    82173    74476   103131    85033    75777   105171    86221    76697   106941
14   280367   233678   216757   195634   272286   225307   200204   276442   228376   203262   280367
15   738401   613073   568215   514045   712894   588140   523688   726296   597061   531201   738401
