#N    (0,0)    (1,1)    (2,1)    (3,1)
#- -------- -------- -------- --------
 5       35       53       43       35
 6       90      133      119       90
 7      242      354      300      242
 8      619      916      814      619
 9     1655     2434     2072     1655
10     4268     6300     5570     4268
11    11379    16742    14334    11379
12    29472    43472    38316    29472
13    78434   115421    99117    78434
14   203739   300433   264235   203739
15   541422   797137   685851   541422
