#N   (0,-1)    (1,0)    (2,1)    (3,1)    (4,2)    (5,3)    (6,3)    (7,4)    (8,4)
#- -------- -------- -------- -------- -------- -------- -------- -------- --------
 5       49       39       34       47       39       34       45       35       49
 6      127      103       90      125      103       88      123       97      127
 7      337      265      232      321      262      230      309      241      337
 8      869      706      619      849      696      602      833      655      869
 9     2297     1832     1603     2213     1791     1575     2143     1667     2297
10     5984     4841     4243     5821     4733     4129     5688     4455     5984
11    15762    12659    11084    15241    12346    10825    14800    11543    15762
12    41312    33294    29191    40099    32484    28421    39052    30542    41312
13   108557    87381    76530   105177    85213    74606   102229    79822   108557
14   285316   229663   201322   276757   224101   196136   269254   210315   285316
15   749006   603071   528533   726529   588610   515177   706690   551734   749006
