#N    (0,0)    (1,1)    (2,2)    (3,3)    (4,4)    (5,4)    (6,5)    (7,6)    (8,7)    (9,7)
#- -------- -------- -------- -------- -------- -------- -------- -------- -------- --------
 5       34       38       40       41       47       34       38       41       47       34
 6       88       94       98      105      125       88       96      105      125       88
 7      230      251      265      279      321      230      253      274      321      230
 8      600      648      683      724      849      605      667      719      849      600
 9     1573     1704     1794     1896     2217     1578     1727     1856     2189     1573
10     4113     4482     4715     4976     5829     4186     4600     4926     5801     4113
11    10805    11712    12285    12982    15335    10888    11888    12698    15027    10805
12    28317    30944    32510    34246    40193    28932    31729    33826    39829    28317
13    74439    80773    84612    89436   105953    75246    82058    87416   103663    74439
14   195389   213549   224239   236180   277561   199814   218899   232928   274383   195389
15   513741   557936   584561   617854   732143   520254   567296   604018   716471   513741
