#N    (0,0)    (1,1)    (2,1)    (3,1)    (4,1)    (5,1)    (6,1)    (7,1)    (8,1)    (9,1)
#- -------- -------- -------- -------- -------- -------- -------- -------- -------- --------
 5       34       55       51       50       49       49       48       47       41       34
 6       89      144      139      133      132      130      129      120      111       89
 7      233      377      357      350      340      338      324      312      284      233
 8      610      992      957      923      912      881      864      817      756      610
 9     1602     2600     2484     2433     2353     2318     2220     2137     1959     1602
10     4202     6842     6604     6382     6279     6046     5903     5604     5188     4202
11    11046    17957    17203    16825    16255    15943    15308    14731    13532    11046
12    29005    47220    45574    44033    43187    41692    40648    38659    35775    29005
13    76322   124080   118862   116082   112354   110029   105946   101867    93606    76322
14   200503   325946   314348   303954   297762   288268   280859   267522   247415   200503
15   528219   857407   821041   801174   777169   760742   734219   705590   648420   528219
