#N   (0,-1)    (1,0)    (2,1)    (3,2)    (4,3)    (5,3)
#- -------- -------- -------- -------- -------- --------
 5       47       41       40       38       34       47
 6      125      105       98       94       88      125
 7      321      279      265      251      230      321
 8      849      724      683      648      600      849
 9     2203     1896     1794     1704     1573     2203
10     5815     4976     4715     4482     4127     5815
11    15167    12954    12285    11712    10819    15167
12    39997    34218    32510    31000    28499    39997
13   104715    89016    84536    80829    74649   104715
14   275865   235704   224365   214339   196917   275865
15   723747   614133   583435   558611   515783   723747
