#N   (0,-1)    (1,0)    (2,1)    (3,2)    (4,3)    (5,3)    (6,4)    (7,5)    (8,6)    (9,6)
#- -------- -------- -------- -------- -------- -------- -------- -------- -------- --------
 5       47       41       40       38       34       47       41       38       34       47
 6      125      105       98       94       88      125      105       96       88      125
 7      321      279      265      251      230      321      274      253      230      321
 8      849      724      683      648      600      849      719      667      605      849
 9     2217     1896     1794     1704     1573     2189     1856     1727     1578     2217
10     5829     4976     4715     4482     4113     5801     4926     4600     4186     5829
11    15335    12982    12285    11712    10805    15027    12698    11888    10888    15335
12    40193    34246    32510    30944    28317    39829    33826    31729    28932    40193
13   105953    89436    84612    80773    74439   103663    87416    82058    75246   105953
14   277561   236180   224239   213549   195389   274383   232928   218899   199814   277561
15   732143   617854   584561   557936   513741   716471   604018   567296   520254   732143
