#N   (0,-1)    (1,0)    (2,0)    (3,0)    (4,0)    (5,0)    (6,0)
#- -------- -------- -------- -------- -------- -------- --------
 5       55       34       41       47       49       51       55
 6      144       89      111      121      131      138      144
 7      376      233      285      314      335      355      376
 8      990      611      758      832      888      937      990
 9     2574     1603     1979     2170     2308     2438     2574
10     6790     4226     5230     5742     6093     6408     6790
11    17669    11069    13742    15030    15925    16753    17669
12    46670    29249    36174    39715    42005    44047    46670
13   121805    76537    95251   104075   110103   115565   121805
14   321891   202261   250225   274795   290208   303930   321891
15   841960   529523   659306   720393   761877   798947   841960
