#N   (0,-1)    (1,0)    (2,0)    (3,1)    (4,1)    (5,1)
#- -------- -------- -------- -------- -------- --------
 5       53       36       47       34       43       53
 6      136       96      124       89      117      136
 7      354      249      324      232      301      354
 8      935      654      854      609      794      935
 9     2417     1704     2226     1595     2074     2417
10     6401     4490     5866     4210     5452     6401
11    16638    11713    15348    10992    14337    16638
12    44080    30891    40401    29068    37552    44080
13   114858    80803   105913    75915    99042   114858
14   304158   213077   278835   200634   259384   304158
15   794394   558408   731822   524803   684203   794394
