#N   (0,-1)    (1,0)    (2,0)    (3,1)    (4,1)    (5,2)    (6,2)    (7,3)    (8,3)    (9,3)
#- -------- -------- -------- -------- -------- -------- -------- -------- -------- --------
 5       53       36       47       35       47       35       47       34       43       53
 6      136       96      127       95      125       95      122       89      117      136
 7      354      252      327      242      325      239      322      232      301      354
 8      935      657      876      644      853      638      831      606      794      935
 9     2429     1735     2263     1676     2222     1642     2190     1592     2067     2429
10     6401     4536     6015     4427     5860     4347     5716     4164     5457     6401
11    16760    11937    15675    11566    15317    11299    15008    10937    14233    16760
12    44055    31327    41388    30489    40357    29841    39379    28697    37562    44055
13   115635    82319   108361    79895   105771    78029   103406    75382    98276   115635
14   304135   216340   285408   210302   278551   205649   271961   198064   259040   304135
15   798438   568290   748834   552164   731033   539596   714426   520585   679426   798438
