#N   (0,-1)    (1,0)    (2,0)    (3,0)    (4,0)    (5,0)    (6,0)    (7,0)
#- -------- -------- -------- -------- -------- -------- -------- --------
 5       55       34       41       47       48       50       51       55
 6      144       89      111      120      130      132      139      144
 7      377      233      284      313      326      348      356      377
 8      991      610      757      819      878      904      955      991
 9     2598     1603     1961     2156     2252     2388     2459     2598
10     6810     4203     5213     5647     6017     6217     6546     6810
11    17892    11076    13586    14914    15585    16402    16939    17892
12    46827    29035    36058    39098    41455    42859    44915    46827
13   123271    76661    94204   103280   107979   113058   116810   123271
14   322832   200862   249673   270930   286375   296049   309267   322832
15   850887   530606   652970   715461   748149   780972   806941   850887
