#N   (0,-1)    (1,0)    (2,0)    (3,0)    (4,1)    (5,1)    (6,1)    (7,2)    (8,2)    (9,2)   (10,2)
#- -------- -------- -------- -------- -------- -------- -------- -------- -------- -------- --------
 5       54       35       43       53       35       43       53       34       42       49       54
 6      142       91      119      133       90      119      133       89      113      128      142
 7      366      243      302      354      242      300      350      233      293      330      366
 8      965      633      816      919      619      810      912      609      777      876      965
 9     2518     1672     2104     2437     1651     2068     2396     1598     2017     2279     2518
10     6630     4371     5608     6357     4268     5518     6258     4190     5327     6009     6630
11    17343    11528    14586    16786    11313    14287    16462    11001    13922    15721    17343
12    45680    30206    38646    43960    29494    37890    43123    28871    36703    41403    45680
13   119731    79576   100938   115735    77880    98817   113414    75886    96155   108531   119731
14   315306   208849   266594   303954   204047   261171   297923   199351   253367   285810   315306
15   827480   549575   698544   799196   537505   684084   783320   524199   664766   750243   827480
