#N    (0,0)    (1,1)    (2,2)    (3,3)    (4,3)    (5,4)    (6,5)    (7,5)
#- -------- -------- -------- -------- -------- -------- -------- --------
 5       34       38       41       47       34       39       47       34
 6       88       96      105      125       90      103      125       88
 7      230      253      274      326      232      262      316      230
 8      600      667      719      854      624      703      844      600
 9     1573     1727     1865     2253     1601     1789     2163     1573
10     4118     4581     4935     5875     4290     4811     5765     4118
11    10810    11892    12844    15510    11050    12329    14930    10810
12    28354    31469    33924    40486    29475    33017    39624    28354
13    74542    82173    88693   106875    76337    85298   103197    74542
14   195700   216757   233542   279315   202856   227141   273181   195700
15   515167   568508   612937   737217   527921   590634   713921   515167
