#N    (0,0)    (1,1)    (2,2)    (3,3)    (4,4)    (5,5)    (6,5)
#- -------- -------- -------- -------- -------- -------- --------
 5       34       38       40       40       41       47       34
 6       88       94       96       98      105      125       88
 7      230      251      263      270      279      321      230
 8      600      643      664      688      724      849      600
 9     1573     1699     1771     1834     1910     2203     1573
10     4113     4423     4597     4765     4990     5815     4113
11    10805    11643    12109    12541    13094    15167    10805
12    28345    30567    31781    32902    34386    39997    28345
13    74467    80232    83307    86136    89950   104631    74467
14   195895   211602   219805   227141   237068   275781   195895
15   514331   554300   574750   593281   619507   723043   514331
