#N    (0,0)    (1,1)    (2,2)    (3,3)    (4,4)    (5,5)    (6,6)    (7,6)
#- -------- -------- -------- -------- -------- -------- -------- --------
 5       34       38       40       40       40       41       47       34
 6       88       94       96       96       98      105      125       88
 7      230      251      263      268      270      279      321      230
 8      600      643      659      669      688      724      849      600
 9     1573     1699     1766     1811     1848     1910     2203     1573
10     4113     4409     4538     4647     4779     4990     5815     4113
11    10805    11629    12040    12365    12681    13136    15167    10805
12    28303    30371    31348    32173    33070    34428    39997    28303
13    74425    80008    82710    84907    87160    90454   104631    74425
14   195349   209944   216894   222581   228595   237656   275781   195349
15   513701   552128   570265   584851   600179   623375   722779   513701
