#N    (0,0)    (1,1)    (2,1)    (3,1)    (4,1)    (5,1)    (6,1)
#- -------- -------- -------- -------- -------- -------- --------
 5       34       55       51       49       47       41       34
 6       89      144      138      131      121      111       89
 7      233      376      355      335      314      285      233
 8      611      990      937      888      832      758      611
 9     1603     2574     2438     2308     2170     1979     1603
10     4226     6790     6408     6093     5742     5230     4226
11    11069    17669    16753    15925    15030    13742    11069
12    29249    46670    44047    42005    39715    36174    29249
13    76537   121805   115565   110103   104075    95251    76537
14   202261   321891   303930   290208   274795   250225   202261
15   529523   841960   798947   761877   720393   659306   529523
