#N    (0,0)    (1,1)    (2,2)    (3,3)    (4,4)    (5,5)    (6,6)    (7,7)    (8,7)
#- -------- -------- -------- -------- -------- -------- -------- -------- --------
 5       34       38       40       40       40       40       41       47       34
 6       88       94       96       96       96       98      105      125       88
 7      230      251      263      268      268      270      279      321      230
 8      600      643      659      664      669      688      724      849      600
 9     1573     1699     1766     1806     1825     1848     1910     2203     1573
10     4113     4409     4524     4588     4661     4779     4990     5815     4113
11    10805    11629    12026    12296    12505    12723    13136    15167    10805
12    28303    30329    31152    31740    32341    33112    34428    39997    28303
13    74425    79966    82486    84310    85931    87664    90586   104631    74425
14   195217   209266   215236   219670   224035   229183   237788   275781   195217
15   513569   551366   568093   580366   591749   604344   625223   722779   513569
