#N   (0,-1)    (1,0)    (2,1)    (3,1)
#- -------- -------- -------- --------
 5       47       39       34       47
 6      125      103       90      125
 7      321      262      232      321
 8      849      703      619      849
 9     2213     1798     1596     2213
10     5825     4801     4236     5825
11    15245    12428    11009    15245
12    40085    32926    29102    40085
13   105171    85956    76071   105171
14   276599   226678   200544   276599
15   726453   594410   525846   726453
