#N   (0,-1)    (1,0)    (2,0)    (3,0)    (4,0)    (5,0)    (6,0)    (7,0)    (8,0)    (9,0)
#- -------- -------- -------- -------- -------- -------- -------- -------- -------- --------
 5       55       34       41       47       48       49       49       50       51       55
 6      144       89      111      120      129      130      132      133      139      144
 7      377      233      284      312      324      338      340      350      357      377
 8      992      610      756      817      864      881      912      923      957      992
 9     2600     1602     1959     2137     2220     2318     2353     2433     2484     2600
10     6842     4202     5188     5604     5903     6046     6279     6382     6604     6842
11    17957    11046    13532    14731    15308    15943    16255    16825    17203    17957
12    47220    29005    35775    38659    40648    41692    43187    44033    45574    47220
13   124080    76322    93606   101867   105946   110029   112354   116082   118862   124080
14   325946   200503   247415   267522   280859   288268   297762   303954   314348   325946
15   857407   528219   648420   705590   734219   760742   777169   801174   821041   857407
