#N    (0,0)    (1,1)    (2,2)    (3,2)    (4,3)    (5,3)    (6,4)    (7,4)
#- -------- -------- -------- -------- -------- -------- -------- --------
 5       34       39       49       35       47       35       45       34
 6       88      103      127       97      125       95      123       88
 7      230      265      337      244      325      239      309      230
 8      602      699      876      658      853      638      826      602
 9     1575     1825     2304     1701     2227     1646     2136     1575
10     4129     4785     6047     4495     5847     4348     5639     4129
11    10832    12559    15839    11751    15317    11359    14737    10832
12    28458    32974    41658    30887    40279    29898    38832    28458
13    74692    86501   109085    81004   105615    78394   101831    74692
14   196666   227719   287173   212898   277971   206355   268173   196666
15   516092   596808   752600   558859   729595   541760   704538   516092
