#N   (0,-1)    (1,0)    (2,1)    (3,2)    (4,3)    (5,4)    (6,5)    (7,6)    (8,7)    (9,8)   (10,8)
#- -------- -------- -------- -------- -------- -------- -------- -------- -------- -------- --------
 5       47       41       40       40       40       40       40       40       38       34       47
 6      125      105       98       96       96       96       96       96       94       88      125
 7      321      279      270      268      268      268      268      263      251      230      321
 8      849      724      688      669      664      664      664      659      643      600      849
 9     2203     1910     1848     1825     1820     1820     1806     1766     1699     1573     2203
10     5815     4990     4779     4661     4602     4588     4574     4524     4409     4113     5815
11    15167    13136    12723    12547    12478    12422    12282    12026    11629    10805    15167
12    39997    34428    33112    32383    31950    31712    31502    31110    30329    28303    39997
13   104631    90586    87796    86567    85838    85110    84044    82444    79966    74425   104631
14   275781   237788   229315   224755   221712   219466   217334   214426   209134   195217   275781
15   722779   625652   606621   597762   591429   585092   577432   567199   551234   513569   722779
