#N    (0,0)    (1,1)    (2,1)    (3,1)    (4,1)    (5,1)    (6,1)    (7,1)
#- -------- -------- -------- -------- -------- -------- -------- --------
 5       34       55       51       50       48       47       41       34
 6       89      144      139      132      130      120      111       89
 7      233      377      356      348      326      313      284      233
 8      610      991      955      904      878      819      757      610
 9     1603     2598     2459     2388     2252     2156     1961     1603
10     4203     6810     6546     6217     6017     5647     5213     4203
11    11076    17892    16939    16402    15585    14914    13586    11076
12    29035    46827    44915    42859    41455    39098    36058    29035
13    76661   123271   116810   113058   107979   103280    94204    76661
14   200862   322832   309267   296049   286375   270930   249673   200862
15   530606   850887   806941   780972   748149   715461   652970   530606
