#N    (0,0)    (1,1)    (2,1)    (3,2)    (4,2)    (5,3)    (6,3)    (7,4)    (8,4)    (9,4)
#- -------- -------- -------- -------- -------- -------- -------- -------- -------- --------
 5       34       47       35       47       35       47       36       53       43       34
 6       89      122       95      125       95      127       96      136      117       89
 7      232      322      239      325      242      327      252      354      301      232
 8      606      831      638      853      644      876      657      935      794      606
 9     1592     2190     1642     2222     1676     2263     1735     2429     2067     1592
10     4164     5716     4347     5860     4427     6015     4536     6401     5457     4164
11    10937    15008    11299    15317    11566    15675    11937    16760    14233    10937
12    28697    39379    29841    40357    30489    41388    31327    44055    37562    28697
13    75382   103406    78029   105771    79895   108361    82319   115635    98276    75382
14   198064   271961   205649   278551   210302   285408   216340   304135   259040   198064
15   520585   714426   539596   731033   552164   748834   568290   798438   679426   520585
