#N   (0,-1)    (1,0)    (2,1)    (3,2)    (4,2)    (5,3)    (6,4)    (7,4)
#- -------- -------- -------- -------- -------- -------- -------- --------
 5       47       41       38       34       47       39       34       47
 6      125      105       96       88      125      103       90      125
 7      326      274      253      230      316      262      232      326
 8      854      719      667      600      844      703      624      854
 9     2253     1865     1727     1573     2163     1789     1601     2253
10     5875     4935     4581     4118     5765     4811     4290     5875
11    15510    12844    11892    10810    14930    12329    11050    15510
12    40486    33924    31469    28354    39624    33017    29475    40486
13   106875    88693    82173    74542   103197    85298    76337   106875
14   279315   233542   216757   195700   273181   227141   202856   279315
15   737217   612937   568508   515167   713921   590634   527921   737217
