#N   (0,-1)    (1,0)    (2,1)    (3,1)    (4,2)    (5,2)    (6,3)    (7,3)    (8,4)    (9,4)
#- -------- -------- -------- -------- -------- -------- -------- -------- -------- --------
 5       49       39       34       45       35       47       35       47       35       49
 6      127      103       88      123       95      125       95      125       97      127
 7      337      265      230      309      239      325      242      325      244      337
 8      876      699      602      826      638      846      641      860      658      876
 9     2304     1825     1575     2136     1639     2220     1680     2234     1701     2304
10     6047     4785     4129     5639     4341     5779     4388     5933     4507     6047
11    15869    12559    10832    14707    11268    15235    11590    15417    11763    15869
12    41688    32974    28428    38802    29793    39784    30229    40886    31076    41688
13   109585    86556    74662   101419    77654   104918    79876   106464    81217   109585
14   287733   227631   196141   267701   205367   274636   208779   281952   214559   287733
15   757148   597776   515650   700840   536517   724368   551150   735918   561010   757148
