#N   (0,-1)    (1,0)    (2,0)    (3,0)    (4,0)    (5,0)
#- -------- -------- -------- -------- -------- --------
 5       55       34       41       48       50       55
 6      143       89      112      122      137      143
 7      375      234      286      323      342      375
 8      972      611      771      842      921      972
 9     2559     1620     1991     2226     2358     2559
10     6658     4220     5323     5815     6290     6658
11    17572    11194    13805    15373    16278    17572
12    45892    29169    36734    40179    43305    45892
13   121232    77251    95530   106244   112590   121232
14   317174   201686   253541   277722   299011   317174
15   837910   533608   661051   734434   779185   837910
