#N    (0,0)    (1,1)    (2,1)    (3,1)    (4,2)    (5,2)    (6,2)    (7,2)
#- -------- -------- -------- -------- -------- -------- -------- --------
 5       34       53       43       35       54       49       42       34
 6       89      133      119       91      142      128      113       89
 7      233      350      302      243      366      330      293      233
 8      609      915      812      633      965      876      777      609
 9     1598     2399     2100     1668     2518     2279     2017     1598
10     4194     6315     5556     4367     6630     6009     5327     4194
11    11005    16528    14530    11458    17321    15721    13931    11005
12    28967    43618    38233    30132    45658    41396    36712    28967
13    75994   114080   100427    78936   119386   108524    96366    75994
14   200393   301401   263733   208093   314939   285779   253605   200393
15   525521   788581   694472   544903   824654   750235   666923   525521
