#UPSAW
11      6199  0.004 11           6151.2761200        0.0006016
12     16225  0.004 12          16192.8786911        0.0016083
13     42811  0.008 13          42626.8168084        0.0042998
14    112285  0.019 14         112212.6303715        0.0114952
15    296051  0.044 15         295393.2608079        0.0307315
16    777411  0.083 16         777605.6780935        0.0821584
17   2049025  0.219 17        2047001.9828806        0.2196444
18   5384855  0.585 18        5388614.3529590        0.5872034
19  14190509  1.560 19       14185215.6899500        1.5698458
20  37313977  4.184 20       37341760.0500408        4.1968689
21  98324565 11.214 21       98300024.0611597       11.2200249
22 258654441 30.012 22      258769129.1860791       29.9959235
23 681552747 80.664 23      681194769.3731999       80.1919275
24         _      _ 24     1793205840.5920937      214.3873063
25         _      _ 25     4720510684.0330334      573.1489259
26         _      _ 26    12426471414.2980404     1532.2721148
27         _      _ 27    32711967442.9881554     4096.4184486
28         _      _ 28    86112362738.7803040    10951.4778375
29         _      _ 29   226685815500.9799805    29277.9822987
30         _      _ 30   596737301300.4423828    78272.5637763
31         _      _ 31  1570876439605.8745117   209256.0265119
32         _      _ 32  4135241392034.9643555   559430.8212095
33         _      _ 33 10885783846048.1542969  1495597.7561839
34         _      _ 34 28656196509139.8476562  3998372.2088577
35         _      _ 35 75435780278564.8125000 10689358.3214229

