#theta      N=10          N=11          N=12          N=13           N=14           N=15            N=16            N=17             N=18             N=19             N=20             
#---------- ------------- ------------- ------------- -------------- -------------- --------------- --------------- ---------------- ---------------- ---------------- -----------------
  0.0000000 12398.0000000 32450.0000000 85622.0000000 224570.0000000 592102.0000000 1554822.0000000 4098050.0000000 10769710.0000000 28381018.0000000 74627954.0000000 196649130.0000000
  5.7105931 11536.5454545 30194.3636364 79565.2727273 208662.3636364 549656.9090909 1443160.5454545 3801508.5454545 9988638.3636364  26314020.9090909 69178499.8181818 182260988.1818182
  6.3401917 11450.4000000 29969.2000000 78959.6000000 207094.0000000 545416.0000000 1432440.0000000 3771988.4000000 9915693.2000000  26109477.2000000 68678790.4000000 180845587.6000000
  7.1250163 11345.5555556 29693.5555556 78239.7777778 205155.7777778 540567.7777778 1418950.8888889 3739158.8888889 9822300.2222222  25884002.0000000 68032379.7777778 179281257.1111111
  8.1301024 11214.0000000 29367.5000000 77320.5000000 202981.0000000 534212.5000000 1404148.0000000 3695310.5000000 9719556.0000000  25580801.5000000 67312902.5000000 177180158.0000000
  9.4623222 11061.4285714 28930.5714286 76316.8571429 199963.7142857 527306.0000000 1383294.0000000 3646738.0000000 9575144.8571429  25237499.7142857 66313496.8571429 174759137.4285714
 11.3099325 10842.0000000 28472.0000000 74816.0000000 196699.3333333 516940.0000000 1359932.0000000 3574982.0000000 9409676.6666667  24742064.0000000 65150066.0000000 171346332.0000000
 12.5288077 10740.1818182 28126.7272727 74064.9090909 194289.6363636 511542.0000000 1343114.7272727 3537242.7272727 9292723.0909091  24479604.9090909 64339487.8181818 169513985.2727273
 14.0362435 10618.0000000 27716.4000000 73159.6000000 191527.6000000 504926.8000000 1324657.2000000 3489933.2000000 9167494.8000000  24145717.2000000 63476889.2000000 167179230.0000000
 15.9453959 10435.3333333 27323.7777778 71958.8888889 188587.3333333 496984.2222222 1303491.7777778 3435981.5555556 9017980.2222222  23773498.8888889 62434079.7777778 164591146.0000000
 16.6992442 10363.8461538 27198.6153846 71468.7692308 187693.0769231 493633.6923077 1296952.4615385 3413162.3076923 8970083.2307692  23619058.9230769 62086778.6153846 163545991.5384615
 18.4349488 10203.0000000 26917.0000000 70366.0000000 185703.0000000 486073.0000000 1282916.0000000 3361098.0000000 8871697.0000000  23260502.0000000 61397097.0000000 161075408.0000000
 20.5560452 10095.4545455 26461.2727273 69584.1818182 182548.9090909 480480.1818182 1261110.3636364 3321474.3636364 8721680.5454545  22979911.4545455 60366526.3636364 159090902.0000000
 21.8014095 10034.0000000 26209.4285714 69128.8571429 180928.2857143 477085.4285714 1250526.0000000 3296497.4285714 8651256.2857143  22798913.4285714 59891917.4285714 157799202.5714286
 23.1985905 9949.2000000  26022.8000000 68498.4000000 179641.2000000 472605.2000000 1241488.4000000 3265806.4000000 8586774.0000000  22591227.6000000 59431310.0000000 156390984.4000000
 23.9624890 9907.2307692  25918.6153846 68222.9230769 178876.7692308 470739.2307692 1235911.8461538 3253000.1538462 8546738.0000000  22502543.8461538 59149712.7692308 155770798.3076923
 26.5650512 9767.3333333  25571.3333333 67304.6666667 176402.0000000 464446.0000000 1218948.6666667 3208904.6666667 8430700.6666667  22194903.3333333 58348368.6666667 153633682.0000000
 26.5650512 9767.3333333  25571.3333333 67304.6666667 176402.0000000 464446.0000000 1218948.6666667 3208904.6666667 8430700.6666667  22194903.3333333 58348368.6666667 153633682.0000000
 29.0546041 9671.1428571  25321.7142857 66594.2857143 174616.5714286 459568.0000000 1206068.5714286 3175003.7142857 8340432.2857143  21955937.7142857 57722674.0000000 151955482.8571429
 29.7448813 9644.9090909  25253.6363636 66400.5454545 174129.6363636 458289.6363636 1202503.8181818 3166798.0000000 8314934.3636364  21901584.9090909 57545070.3636364 151583293.6363636
 30.9637565 9599.0000000  25149.5000000 66046.5000000 173510.0000000 455790.0000000 1198235.0000000 3149929.0000000 8283930.5000000  21787215.0000000 57322092.5000000 150796975.5000000
 32.0053832 9583.8461538  25033.3846154 65896.4615385 172779.5384615 454523.2307692 1193303.8461538 3140635.5384615 8249389.6923077  21722892.4615385 57079489.0769231 150352601.3846154
 33.6900675 9559.6000000  24847.6000000 65656.4000000 171690.0000000 452417.2000000 1186786.0000000 3124235.6000000 8207238.0000000  21605124.4000000 56789929.2000000 149538427.6000000
 34.9920202 9530.4705882  24754.0000000 65497.5294118 170986.2352941 451238.9411765 1182169.0588235 3114884.1176471 8177856.3529412  21533235.6470588 56596868.1176471 149014995.1764706
 35.5376778 9518.3333333  24715.0000000 65431.3333333 170693.0000000 450748.0000000 1180245.3333333 3110987.6666667 8165995.3333333  21502900.6666667 56524442.6666667 148788119.0000000
 36.8698976 9488.8571429  24620.2857143 65308.2857143 169943.1428571 450121.4285714 1174932.2857143 3106411.1428571 8130988.8571429  21464011.7142857 56302179.1428571 148461646.5714286
 37.8749837 9453.2500000  24609.7500000 65128.7500000 169697.0000000 449242.5000000 1172491.7500000 3101839.0000000 8111470.5000000  21435816.5000000 56162236.0000000 148259713.0000000
 38.6598083 9425.5555556  24601.5555556 64989.1111111 169505.5555556 448558.8888889 1170593.5555556 3098600.6666667 8095971.7777778  21419924.6666667 56046718.0000000 148168025.1111111
 39.8055711 9380.1818182  24645.6363636 64719.8181818 169602.7272727 447055.0909091 1170069.2727273 3090491.0909091 8086215.4545455  21377244.5454545 55949379.8181818 147944817.6363636
 40.6012946 9348.7692308  24689.0769231 64520.4615385 169839.8461538 445818.3076923 1171042.6153846 3083141.0769231 8088379.8461538  21334856.1538462 55937471.5384615 147705695.8461539
 41.1859252 9325.7333333  24720.9333333 64374.2666667 170048.9333333 444876.1333333 1172293.2000000 3077143.8666667 8094794.8000000  21297698.8000000 55964400.6666667 147481091.8666667
 41.6335393 9308.1176471  24745.2941176 64262.4705882 170208.8235294 444155.6470588 1173350.4705882 3072456.8235294 8101450.0000000  21267332.8235294 56002655.6470588 147287664.5882353
 41.9872125 9294.2105263  24764.5263158 64174.2105263 170335.0526316 443586.8421053 1174185.1578947 3068756.5263158 8107005.1578947  21243058.6315789 56038697.3684211 147128516.3157895
 45.0000000 9176.0000000  24928.0000000 63424.0000000 171408.0000000 438752.0000000 1181280.0000000 3037304.0000000 8154224.0000000  21036728.0000000 56354776.0000000 145766032.0000000
