0.0000 0.0427439
5.7106 0.0382488
6.3402 0.0375701
7.1250 0.0366842
8.1301 0.0357672
9.4623 0.0348678
11.3099 0.0338777
12.5288 0.0334432
14.0362 0.0328728
15.9454 0.0317693
16.6992 0.0314656
18.4349 0.0306381
20.5560 0.0301109
21.8014 0.0298272
23.1986 0.0294598
23.9625 0.0293130
26.5651 0.0285246
26.5651 0.0285246
29.0546 0.0282093
29.7449 0.0280064
30.9638 0.0277894
32.0054 0.0278335
33.6901 0.0278160
34.9920 0.0277146
35.5377 0.0276463
36.8699 0.0273850
37.8750 0.0270929
38.6598 0.0267855
39.8056 0.0265263
40.6013 0.0264500
41.1859 0.0263921
41.6335 0.0263271
41.9872 0.0262615
45.0000 0.0255551
