0.0000 0.0574856
5.7106 0.0499222
6.3402 0.0491097
7.1250 0.0481175
8.1301 0.0469894
9.4623 0.0456930
11.3099 0.0441173
12.5288 0.0432244
14.0362 0.0421750
15.9454 0.0408102
16.6992 0.0403573
18.4349 0.0393106
20.5560 0.0383080
21.8014 0.0377793
23.1986 0.0372078
23.9625 0.0369378
26.5651 0.0359763
26.5651 0.0359763
29.0546 0.0353065
29.7449 0.0350896
30.9638 0.0347909
32.0054 0.0346376
33.6901 0.0343898
34.9920 0.0341979
35.5377 0.0341107
36.8699 0.0338890
37.8750 0.0337057
38.6598 0.0335370
39.8056 0.0333849
40.6013 0.0333362
41.1859 0.0333095
41.6335 0.0332853
41.9872 0.0332621
45.0000 0.0330113
